Run	IsSorted	OpCount
4471
4494
4772
4683
4657
4590
4513
4577
4533
4741
4635
4322
4554
4570
4642
4538
4847
4651
4589
4690
4453
4180
4319
4422
4433
4392
4552
4529
4629
4528
4374
4773
4447
4655
4557
4625
4540
4474
4488
4582
4526
4673
4575
4636
4545
4582
4403
4679
4622
4639
4697
4797
4406
4696
4511
4587
4473
4417
4379
4748
4544
4588
4190
4480
4353
4745
4622
4435
4438
4647
4508
4610
4371
4671
4777
4556
4572
4689
4831
4459
4655
4459
4608
4387
4463
4515
4653
4533
4580
4654
4426
4611
4430
4640
4474
4558
4685
4594
4347
4492
4320
4567
4544
4623
4551
4422
4531
4592
4486
4445
4513
4596
4464
4519
4427
4558
4487
4834
4736
4610
4405
4518
4423
4521
4610
4552
4519
4493
4430
4283
4586
4539
4653
4520
4606
4546
4631
4656
4709
4349
4597
4510
4410
4428
4641
4484
4566
4466
4584
4535
4398
4275
4419
4534
4586
4579
4700
4574
4538
4325
4332
4495
4453
4563
4476
4412
4569
4487
4171
4674
4722
4634
4525
4559
4204
4659
4439
4428
4429
4296
4538
4669
4594
4629
4373
4580
4541
4547
4430
4274
4655
4449
4396
4516
4675
4471
4625
4529
4575
4606
4598
4472
4436
4590
4764
4389
4558
4311
4482
4500
4543
4656
4554
4674
4636
4468
4460
4583
4645
4698
4478
4766
4577
4639
4109
4638
4512
4451
4512
4484
4487
4565
4558
4689
4635
4564
4468
4411
4339
4304
4574
4421
4674
4415
4614
4424
4712
4283
4428
4746
4458
4429
4523
4504
4673
4432
4362
4677
4642
4541
4378
4493
4712
4606
4615
4331
4601
4442
4446
4544
4515
4508
4671
4691
4540
4552
4379
4508
4423
4559
4682
4599
4515
4503
4374
4626
4477
4286
4585
4652
4540
4528
4591
4571
4786
4507
4525
4588
4556
4450
4695
4648
4509
4360
4456
4549
4400
4496
4360
4599
4525
4831
4467
4640
4470
4446
4657
4664
4631
4538
4543
4397
4318
4539
4195
4732
4809
4470
4287
4666
4443
4368
4595
4661
4470
4425
4309
4793
4497
4287
4440
4492
4411
4601
4440
4823
4610
4513
4431
4462
4413
4566
4603
4449
4534
4594
4366
4717
4532
4468
4670
4564
4514
4615
4263
4510
4488
4450
4517
4496
4272
4646
4880
4364
4690
4644
4338
4691
4471
4463
4557
4300
4510
4727
4830
4640
4495
4625
4359
4418
4542
4641
4562
4476
4652
4819
4681
4648
4422
4613
4564
4436
4437
4765
4372
4687
4451
4455
4426
4523
4376
4286
4266
4432
4382
4527
4535
4461
4588
4489
4341
4353
4759
4459
4559
4359
4639
4443
4523
4574
4443
4505
4605
4447
4725
4578
4582
4864
4664
4599
4323
4592
4377
4589
4678
4621
4488
4449
4358
4514
4426
4617
4490
4461
4800
4519
4306
4703
4592
4453
4477
4372
4382
4470
4361
4594
4618
4615
4458
4508
4756
4414
4701
4529
4439
4843
4650
4610
4416
4763
4632
4501
4420
4483
4386
4771
4450
4447
4560
4361
4683
4535
4684
4785
4478
4614
4513
4437
4689
4635
4623
4604
4440
4621
4751
4669
4415
4643
4651
4639
4616
4467
4509
4490
4483
4725
4516
4636
4449
4622
4394
4452
4432
4524
4720
4557
4450
4546
4449
4773
4520
4411
4366
4624
4690
4432
4515
4471
4549
4488
4819
4522
4482
4455
4315
4475
4444
4457
4535
4510
4734
4794
4733
4280
4336
4648
4481
4450
4627
4497
4333
4461
4580
4506
4547
4519
4314
4513
4589
4473
4402
4603
4653
4612
4642
4554
4453
4480
4727
4707
4615
4645
4598
4649
4672
4413
4674
4456
4568
4559
4737
4750
4470
4585
4687
4494
4505
4722
4407
4661
4392
4564
4266
4644
4596
4748
4660
4380
4507
4350
4531
4293
4379
4507
4482
4424
4562
4575
4739
4683
4741
4520
4572
4450
4419
4479
4630
4379
4595
4420
4251
4384
4749
4361
4722
4581
4417
4812
4646
4301
4700
4677
4696
4516
4438
4753
4667
4478
4442
4552
4668
4486
4480
4435
4416
4627
4607
4558
4505
4374
4427
4526
4421
4697
4632
4775
4401
4709
4453
4421
4763
4516
4569
4496
4534
4507
4483
4701
4347
4308
4463
4581
4700
4421
4553
4479
4522
4666
4396
4523
4495
4623
4612
4477
4492
4678
4541
4535
4324
4212
4758
4729
4562
4587
4331
4626
4554
4711
4556
4490
4424
4508
4346
4439
4545
4596
4558
4666
4536
4535
4748
4413
4620
4479
4679
4499
4678
4600
4704
4568
4577
4527
4395
4535
4560
4750
4542
4375
4678
4570
4645
4461
4670
4516
4577
4410
4726
4511
4501
4577
4571
4407
4624
4597
4431
4538
4544
4604
4729
4308
4776
4475
4466
4581
4451
4486
4506
4569
4489
4452
4539
4662
4347
4531
4397
4590
4721
4396
4508
4420
4507
4336
4479
4376
4589
4450
4593
4590
4827
4610
4526
4553
4582
4405
4658
4456
4577
4285
4346
4270
4421
4440
4452
4432
4451
4511
4729
4399
4491
4667
4465
4591
4577
4427
4523
4630
4609
4410
4521
4621
4627
4357
4427
4623
4410
4736
4359
4489
4428
4344
4529
4844
4576
4637
4673
4523
4554
4542
4892
4281
4463
4608
4621
4563
4386
4542
4392
4674
4634
4402
4330
4263
4696
4625
4783
4475
4501
4579
4682
4551
4355
4630
4551
4476
4328
4345
4436
4407
4394
4408
4357
4796
4519
4478
4624
4362
4543
4605
4770
4378
4394
4515
4397
4510
4719
4386
4655
4472
4359
4428
4410
4202
4789
4405
4389
4554
4523
4263
4650
4289
4489
4431
4524
4760
4570
4436
4426
4559
4695
4644
4283
4586
4788
4525
4467
4539
4325
4610
4306
4484
4455
4467
4540
4450
4547
4528
4512
4736
4817
4511
4603
4407
4436
4418
4615
4524
4419
4561
4655
4391
4661
4477
4580
4559
4384
4577
4600
4388
4644
4646
4386
4573
4553
4471
4537
4417
4538
4463
4353
4563
4575
4566
4437
4496
4603
4508
4570
4526
4626
4396
4601
4617
4645
4696
4589
4514
4260
4641
4466
4391
4543
4720
4442
4562
4587
4621
4538
4475
4695
4627
4653
4642
4599
4327
4747
4624
4690
4308
4291
4616
